369451
509151
922536
608231
28320
681692
296220
492587
496552
586889
326108
302133
384945
229250
961151
249260
818561
832109
880294
444715
296676
362469
928939
880229
190404
510713
52037
587188
565815
242698
788419
935266
751849
227308
543497
296522
909000
839717
305461
405552
426606
631570
224037
327904
377172
701540
93516
195734
533650
490162
156801
346678
852631
85740
226908
559387
596453
795297
146576
162268
37996
934995
613886
789845
162303
157383
86367
587655
513452
391829
509559
456411
539751
249948
300667
916923
951489
910535
629009
485139
400698
785811
348169
769681
387903
575077
329069
500709
886727
475645
179329
924723
926992
793216
230920
605648
466951
833640
709655
980404
741821
735567
436815
281572
985515
253834
714847
937004
164369
860209
938495
81419
162372
803017
851101
550275
378094
180170
567336
781173
172167
746666
705896
615511
539882
453169
221159
6833
286809
447167
503589
28630
182734
456756
826554
684601
710590
541401
137958
874960
917962
592805
956379
80334
395822
323832
146962
290269
504002
714298
71442
192521
460964
293691
808033
517198
746860
545544
524032
550021
992711
543973
578651
691797
730
921557
376399
711320
979310
514357
102632
897273
623514
575364
493959
19337
899196
640921
309606
919551
355220
381048
112072
332536
674739
436457
849735
937951
498354
890119
487972
7417
434092
582975
699215
951174
504532
591966
662495
483843
622675
281479
897468
246189
856843
391427
265526
272392
548701
575132
708295
420273
472533
336719
752809
663624
773177
118896
601576
271531
9015
89548
278948
959460
672524
494515
910634
693408
86481
89481
693603
225508
370961
591071
471698
744156
498851
253576
532900
47552
345061
241195
467825
817594
577915
220634
481218
867444
855883
82794
655327
381250
688695
934275
340710
877571
945143
767697
570979
547976
857178
780935
773485
744491
372006
761535
5000
870857
15111
537900
918409
360172
295448
902586
694118
389715
639573
175337
257159
495456
774483
912486
876706
979530
363113
733769
857101
308256
501466
944433
856233
874996
725368
146070
135840
613726
907605
657192
484584
922716
195092
919345
799241
6892
338284
9711
396607
977857
185048
170118
473313
475884
82604
866371
455414
962070
600140
828868
270326
617958
289653
642911
492955
15021
788981
145147
628747
696586
802339
629683
135655
513783
65381
451248
520676
403665
460959
433635
381522
162360
603754
371187
638244
202710
237558
610010
164780
837699
955230
951459
972009
244883
110722
981316
259904
899704
126463
405004
112642
445154
34687
764649
958938
616420
732249
995966
20085
193209
429601
401607
871921
549707
772794
26517
752418
526705
636527
433550
880756
108110
385009
852765
352993
12084
834082
129250
428140
960545
534254
57134
405700
85293
821784
880990
701714
70385
876956
238151
263594
822909
639759
135515
372617
928905
678384
641387
455610
314912
74937
852718
939374
976299
705484
292367
988383
539566
421617
416523
16463
472223
473657
422163
73869
811793
819505
291935
882179
212813
530086
662125
35723
686197
313993
924692
131455
992377
82431
103417
823641
157368
956136
763015
650019
661620
55383
638402
201186
993352
571277
217649
981928
561287
156165
55797
373080
975670
864084
771611
188484
394170
433737
740559
596720
264082
181603
728175
256459
264034
831592
596453
421402
787728
359468
587774
449348
931203
742528
650534
440908
313806
384536
422836
875093
540701
994985
764525
32723
859069
536137
737559
253239
486226
478118
849959
750308
659721
94486
523119
923755
926079
119572
861510
713807
995393
449284
163156
926596
191812
330042
367504
21970
230930
306692
413415
771631
301677
177941
320707
160746
230430
58266
930338
233008
52737
296649
983316
712458
391136
22787
152566
317215
142360
530428
31022
654105
496064
710530
580701
204228
556925
464558
226199
787855
287602
639614
75839
589280
333907
912898
750026
564337
971164
680364
313697
23901
977014
297013
252712
884502
836153
921630
201717
494865
452058
749091
148970
948122
975974
246023
152350
532899
226933
894901
837106
514536
50868
429297
103816
384775
342195
370194
465465
829712
566911
779162
369965
543925
592528
622677
944779
428681
544307
146496
923546
512717
895587
72516
460839
871561
834891
129542
920812
61825
24443
274271
576361
75311
703568
680177
976439
562116
50371
441904
391828
617282
737418
761793
677559
329946
900823
622338
274979
961482
285186
198525
474200
697126
787393
935039
568687
622285
580933
5852
684110
605377
280123
776823
197040
983691
457000
173479
62159
23723
131735
453987
157358
869154
732133
351269
715452
632956
489960
990432
594438
291498
188957
68638
988624
492703
520030
73664
114988
617315
79516
315450
222692
875991
92273
936085
376034
65625
625916
438194
605700
757652
892181
763058
626806
140666
630680
858610
773622
120640
849042
884413
412138
38000
469403
917115
47055
505785
990779
162043
123101
586647
993845
862145
462638
86118
798230
838672
151743
424147
276866
273795
698151
685400
36854
324957
826066
183886
183567
116041
820878
548962
516806
749368
103314
986209
666483
150369
8347
657262
312412
131448
243909
306257
509945
222899
908727
308176
61572
576822
248675
338438
850617
946826
540190
403823
788135
366257
587709
488054
998650
408587
37016
515456
157956
140330
18017
340791
290699
26364
514406
119463
674164
274667
942072
184110
497567
850799
8638
559139
427621
257313
413929
794591
720491
954120
198414
508626
320377
302476
996680
835379
711063
550049
350835
385371
690379
885204
242515
497431
427921
756921
616894
618437
31588
558967
318899
529155
926118
327537
88294
870092
101202
18576
664683
821693
972696
379449
846671
809425
681925
359704
644804
909341
909753
511991
294712
116484
397195
537227
130267
341468
810500
263514
959906
842089
822481
278805
371244
264951
606343
975891
135043
223897
994467
316078
561943
483515
211880
408614
292940
893805
284670
937744
803146
710775
449735
614211
343612
363282
667790
473879
704751
478291
737393
181009
836732
76226
459814
724328
341178
582509
216571
992573
806407
727390
825004
884702
210905
36884
809668
503845
447041
94339
957941
250188
321466
407676
380751
665078
287311
564893
655310
508414
43184
392703
689423
396268
985282
149237
120597
842812
248099
337168
351737
570858
64559
176741
455560
791816
729977
265228
295662
177019
875919
253603
427207
713738
177632
324310
378816
464943
889203
34126
489709
448740
943182
179132
845008
928464
844721
481957
771276
92820
819126
123013
663678
400037
816107
635590
191853
546084
417171
3867
723103
809442
257471
666662
523180
951455
990972
901997
932750
880176
452475
422459
328916
395657
117943
690276
840473
962664
172234
611749
571837
507712
251115
751867
424101
67222
387458
132306
613306
320981
136174
852762
130423
909997
519424
653604
861452
510397
555601
794202
906925
524428
733013
752193
920086
850956
442469
276911
329972
131055
888661
901809
638767
656128
653677
579220
723350
557487
711527
853008
878468
847701
705770
8891
274050
225195
662495
651854
251944
734448
962408
675221
258877
695421
427414
695315
62729
386235
972226
392701
517291
377239
294511
156058
33367
948188
735279
273069
22027
963158
642430
900495
327211
348200
909386
601261
89747
88234
253115
858043
822682
731875
533264
597911
427296
960678
809578
490025
346914
781805
882726
380557
675396
693589
52967
225116
158129
788246
498185
180156
267756
140615
80651
594967
5168
990038
712580
611267
78272
965695
469311
417306
697570
518927
15218
641218
995958
824796
647595
859224
122953
46674
239781
314702
740263
292748
539818
898393
597347
554355
78549
865103
211323
159201
460071
732843
665591
172651
344110
260215
654699
329773
677521
868621
848701
209091
26192
844659
550240
673787
703883
189545
720461
943664
504247
460725
236412
560417
875470
350111
114773
954019
215215
842448
113220
191638
575291
295163
880641
435753
555378
51692
765527
749252
920314
614228
958343
462858
975239
24935
652997
679122
214481
373459
139138
718728
350536
891902
279146
226006
242014
910271
696377
457229
752719
325950
165219
328010
621113
45860
280115
692844
97553
45642
442096
534219
176222
916791
997077
151461
941727
650074
830583
156208
539885
486073
391288
406773
377976
670434
149131
619990
580705
845509
593571
849776
171459
758790
694138
308924
804650
974254
1768
418555
19896
960216
952774
196119
877008
466203
863932
335087
116278
694516
7647
172515
696941
398935
579289
74917
585722
728420
211259
682779
573929
804830
532556
261740
79972
743046
570665
400975
717300
88785
819530
253549
49002
288657
966020
442362
754860
829952
293801
387490
40820
301448
560006
737762
216735
139295
329031
318809
384067
540291
1589
474349
861473
50497
736089
457798
793543
823106
858773
27196
428244
194655
797097
993598
483312
763117
952312
238173
109421
246113
625663
150242
63913
702021
404356
797000
841316
733387
115810
741736
790030
117399
216085
651504
684248
468526
625654
477791
291633
484427
21339
236229
679082
818436
229827
678747
581553
182139
916920
690975
944604
58935
357569
8517
760957
761925
805517
118625
11664
921327
860361
801695
555078
76446
969551
239326
61325
595205
233470
869310
595984
254809
105539
275066
73246
335366
953813
171151
33857
387085
378478
978461
446021
736047
503330
723330
14324
825199
841955
25989
262879
702317
344036
817957
295115
313587
573636
356440
425144
807106
225750
21128
578267
847641
812546
651513
183007
766360
339017
216864
669797
717495
711677
632170
453543
215007
355500
467867
40207
197456
10208
303086
416125
354244
637395
227592
667831
211031
100385
609327
534489
842487
630455
112757
690129
443002
280622
873136
725714
619639
606353
395511
337135
834382
27682
307030
49390
899534
774897
605949
96990
301458
425387
29467
655702
62782
257060
839886
790166
357445
449213
324655
199932
79669
953764
406413
522671
234387
279550
248385
370378
402255
160248
223865
236637
704282
530895
802379
603817
822145
408328
217159
123603
833715
762979
779305
412850
20039
619191
203016
893836
68405
44023
610120
664426
997788
16534
187097
748527
812436
951834
118905
731043
628434
342771
967680
332717
873666
286412
452886
212163
211092
670045
335766
561160
433024
115072
974010
969415
250615
177026
379603
835372
221049
506076
499798
735189
38962
686895
483716
851398
155081
602622
98793
783516
461745
582825
632585
851763
869237
85471
63927
80330
271868
399693
641490
221245
31117
131852
707012
281733
308878
86616
117105
46279
109044
133256
781469
148006
820151
265185
515756
491585
384159
614549
791453
845904
197374
940390
697668
66612
25861
761595
663294
814081
161288
821136
35326
708758
952988
258691
990491
778218
345307
623948
824497
454351
757204
122318
118709
93708
903856
634465
101645
288015
249014
893098
133920
446388
833488
831588
29352
375701
109535
208998
706134
787175
30134
257813
495933
499474
516504
2776
277692
378163
626725
618542
348866
900281
257212
467575
510341
161068
102040
611986
449084
351054
21436
583004
313794
371276
930944
859499
263329
556831
584849
969464
344006
131336
227277
839940
630810
260133
842716
424855
638296
985793
559749
987162
402427
816961
971089
912768
978030
73129
524755
943466
940535
62543
42822
770681
433820
973766
630180
697149
46949
215030
182965
390955
346366
410242
230895
493528
670375
589964
434735
825023
575757
994484
328537
494536
811446
299626
407305
305828
372755
448412
249294
829642
510955
292116
600324
461127
782234
746856
674629
829183
961886
857594
220138
824604
784189
967386
834485
970916
557350
269220
795940
649459
263705
124477
143996
591503
424104
67653
897331
313211
516065
662977
142854
543372
955093
743178
520852
253679
490034
195481
82862
968273
53075
819352
309229
837264
786738
143714
324533
860440
929287
120473
26252
709344
761302
686600
300847
185406
754253
714530
14970
786670
377507
157824
846394
332600
417354
367246
102631
907388
79079
185493
392013
132155
4845
217595
485771
307936
877661
326656
684728
806948
447129
710980
516292
208432
397580
333491
910190
668185
48021
441512
971207
425528
599336
817602
274480
533042
701200
377111
956783
780280
78956
348796
428787
600154
566391
430910
908090
444053
757567
592818
767353
204696
820151
799998
929480
734083
133489
356023
402269
181511
797535
889828
123391
913224
707430
914224
446266
924983
807687
403049
705263
886644
268198
650402
486798
350941
81312
911240
311346
838879
504058
78700
559928
840561
878698
5760
574645
12187
878135
493266
710050
675671
383094
349794
105247
606877
264018
67865
531860
71705
470915
753475
958349
255465
403877
961499
606406
1541
872739
917753
840421
893150
512805
916701
733711
391503
438813
824708
920042
316949
317974
146445
508972
217421
496239
130571
340650
276609
198436
388862
864666
185703
658689
339368
441168
62566
300867
563927
64107
689959
481680
420880
583109
994485
853933
833172
902340
292747
657881
338734
126048
492207
485179
635020
225980
497770
765591
82982
290731
964027
471844
155398
666083
130533
11118
107251
709451
311985
671178
289911
518296
669210
227143
101405
663695
81077
450930
82387
890176
625163
421122
16224
117370
422653
167596
859703
436776
933187
942685
727507
413566
930882
399257
79649
61415
410375
703253
287219
238713
374431
577130
757009
43642
804273
374767
223689
401702
825697
822429
291878
450860
243551
308102
84582
182556
475698
944285
619332
925237
403323
863192
855156
334205
262449
934805
911972
189177
154410
199191
427890
528842
292673
184899
88836
613299
76018
312525
15001
901715
651306
306880
868927
894857
131334
953510
77414
123385
414147
213098
48622
333822
76290
420130
668027
855092
871288
96352
44269
25698
811895
472159
554540
104569
173410
159728
234220
249429
988606
249221
667496
639912
72453
52776
534770
720140
522638
128536
843525
936785
857986
408499
270608
450629
828630
454987
305721
216270
67691
349990
241968
879587
822149
312861
500508
511911
472589
734728
761340
461195
500301
945189
101108
89107
997965
152230
809247
520603
797118
169124
973740
655104
93975
760700
105733
438957
732040
927806
655227
799731
277796
897196
679318
99945
210057
179826
128209
198998
914554
889549
660194
931208
351090
277654
20315
349055
429884
345914
386010
743354
31390
359751
914810
125365
636803
536896
80675
368843
464702
252254
168575
742499
665802
847893
358796
392211
27720
487005
591210
458626
892907
767756
389834
760349
45410
410149
625757
991646
272415
11767
251352
303805
887870
166162
945523
524674
219410
542550
893517
684113
794804
62092
942964
460607
909986
818112
369170
454058
821470
960380
429036
230729
244488
818871
991078
289898
745372
616835
797896
17788
144955
49248
837945
32825
731763
783468
557499
951173
326018
967369
151638
637175
29461
610954
614134
455799
429067
983304
426209
766889
460037
855246
997618
704525
190469
505048
510776
935841
638236
825024
469981
783191
874273
307927
816016
122388
607747
889868
589913
450118
373589
741552
87293
919402
352506
701427
375202
297925
684731
317763
581166
144768
173009
578784
365646
879830
600185
876422
332024
238421
217798
802005
21612
608423
626284
353980
730811
234032
760200
320725
684150
133789
578629
771443
53192
447487
989222
944746
745413
673953
778861
326579
335074
468223
421716
700720
348053
538253
93494
680077
776674
311292
482083
314638
436068
624719
184970
166879
375103
461523
3956
59253
595312
582585
347048
164856
30073
336270
625954
291838
526576
404816
134769
861650
873039
72837
78722
221092
611090
688568
417522
904116
516212
415957
218754
952280
40676
920077
635512
415780
381600
639468
991385
493264
222054
338434
174473
768479
191056
800427
576669
233984
721595
711438
611986
110986
300628
690708
848431
428070
895628
265953
332187
411841
681910
67293
880473
722586
987370
515985
654718
368970
155454
646104
378587
893860
500890
553060
178691
208298
353487
755360
442283
591435
983150
54269
702421
800130
261330
550852
228201
156958
333157
560388
85151
15067
627681
481977
254006
131404
997962
425076
16726
669768
71180
395313
79980
88422
948373
258671
296721
818213
530383
255356
409648
513534
309625
628421
313664
87307
179274
58217
760618
28783
618605
845769
560203
762639
327746
330561
894043
842061
755637
910769
511829
343170
306083
591810
431592
770808
850481
244665
589021
897217
500021
998669
410751
325999
627091
240767
413306
322717
298985
173924
867852
433942
536046
428055
712933
380144
758616
123328
222205
30606
550450
734035
373776
856533
842197
321720
143693
209030
566386
732715
106247
582759
247736
33350
425110
391179
790470
838417
713896
89455
528693
98101
39749
581091
526156
752683
961236
801125
876011
183441
831731
426461
433828
721859
799346
792377
43579
943040
1408
126317
192107
624007
709077
439843
657358
650539
831023
447828
5308
61271
53635
534002
159372
609736
631445
201881
362419
592681
3006
754783
292475
351089
697596
242655
72948
13295
35033
116527
956335
552793
759197
664794
176800
984626
104637
350510
635165
452012
314690
640474
513284
368325
174476
189008
494414
322273
390889
373185
914955
910247
127968
207430
261336
341917
966437
850636
355212
1470
483516
827899
554263
242713
492693
247416
227339
597330
597926
862504
49343
912617
502978
78979
797294
193806
267987
291708
516080
658877
664894
947387
85476
309214
671169
346813
651131
637606
197449
6343
639077
680965
350594
709692
440030
843287
957108
667369
956970
555035
529874
522665
467652
549204
601644
781298
743011
869631
589359
775443
44860
254253
722830
130337
79819
393999
993502
730951
547957
707303
253646
703386
388269
604241
413079
828299
963880
370187
12021
920850
441574
58247
443515
425578
607451
45159
206877
866814
431143
796236
642257
992355
566841
881439
639044
646660
791790
632546
893963
339748
339850
663962
43134
244471
784555
972565
589122
748435
342753
117495
669286
784327
175742
629153
209906
783194
190665
933135
650008
138160
729371
808618
130515
296212
206409
285912
459224
998200
918458
869540
854300
774660
533502
413786
535483
318057
386352
640958
582844
245457
758453
252130
546136
934196
397636
272394
233742
588301
205529
883750
726461
451252
208720
373328
263816
931482
659240
723041
929682
577699
592581
300334
868711
642435
230472
920547
476844
133176
561505
59688
378633
319958
828171
441122
770506
225807
713516
4248
814108
919046
404351
540569
886650
129423
913897
150467
60905
573138
389860
506939
667189
498793
807273
52252
141228
554098
972799
618072
687274
534304
194112
65908
370615
22283
507030
657473
248090
736898
661722
62198
655944
582425
119119
58947
711848
549369
209414
772754
638859
115626
279693
306048
614419
603319
874652
271999
157417
847452
406423
361043
898108
600535
426951
785075
622819
450333
442549
870909
187232
620623
449460
359528
203048
568579
934827
914896
634300
144241
204002
273159
259867
48
95559
390638
119719
970212
662637
277136
817664
585412
638179
232124
185948
581483
17200
325119
548168
976101
712380
251752
596724
161840
127633
799772
246772
62460
231020
881072
723054
951375
670584
499273
951423
766143
406264
587494
736355
68901
380982
70371
170666
535513
302496
356614
116996
836048
198085
181517
812149
910465
949621
408873
72306
593606
724997
835430
656067
956017
232854
895473
423744
903438
911098
891519
669582
317362
479013
405937
902616
859995
476309
73282
395509
295157
946248
28857
131205
144333
210374
943354
54798
676348
868579
643456
269954
593576
995238
442373
65945
228093
854198
489690
131531
765297
381209
317465
82659
860223
239755
501627
236570
232416
574909
632079
527573
37509
660937
175130
181842
387663
118484
752993
64011
987063
396449
850318
96991
908040
292691
162936
136133
146890
652626
784016
428539
550188
617834
511198
410411
857589
12826
163333
90005
104087
795413
133930
141597
972702
309060
323439
360365
943896
592784
940729
447311
505586
791047
544302
413626
600090
707238
66111
263332
876217
850127
691871
426405
467961
203070
353168
841902
732248
516501
931907
352687
311914
582189
494284
284616
891249
334076
161334
351497
926860
102063
798808
432446
409462
343110
362424
525904
566701
428535
789237
442918
278663
481108
869323
262976
200530
738843
621231
449130
255344
69490
801818
83611
651680
812454
368227
59281
146530
45913
410779
589743
147976
209587
22189
73790
69050
384614
599695
635751
329501
905284
595021
608164
386392
980696
387493
103275
719539
525076
552405
491235
594566
870575
574846
246246
683030
459426
821880
345912
505339
232659
935655
169668
958598
474197
759810
27648
375163
359505
179751
704664
264789
774772
829181
167534
271820
733026
270809
991359
258102
339566
482595
852668
210142
573793
615267
409524
33219
437147
755436
54911
186158
691092
740931
144756
165289
500741
688757
56804
376599
868508
761468
641388
159633
590649
325274
431453
323675
112435
939165
581777
968354
938112
950798
694848
511905
566065
104372
61477
519564
376160
116388
705722
67252
857319
850478
748893
358060
539235
805697
734659
924096
83518
892400
83729
674167
734026
31534
514195
846462
487051
95972
814816
425163
563122
26016
937069
129187
130388
998546
648751
506548
631286
354473
90153
4957
721304
355398
363017
776891
677448
614029
700987
760966
22781
301068
951485
756807
848955
465680
119621
336006
78005
450789
761170
641127
476805
214591
286667
123545
729489
451770
630094
360775
322596
236599
365732
43900
591997
245101
820791
269445
375482
38131
30411
398263
339199
498249
671423
188154
963929
791044
524161
558286
758186
801683
199414
234991
16274
2433
874889
745763
454203
504983
622890
776799
257934
504974
820699
849931
750075
157843
635729
125558
195974
666140
40173
51525
164389
711596
756032
644671
18993
280193
202957
777179
598228
918723
528522
614502
921156
403411
876617
375360
424746
499507
152159
682680
4481
489211
532612
270908
647054
168341
912818
843028
350833
952992
410905
31575
180940
166937
192598
199933
963482
395555
493464
561710
314279
21987
692564
751787
425398
569181
127147
366497
585040
795659
49177
105873
284870
98141
376782
931924
782834
289600
291304
133668
758944
702209
681595
939885
385499
874193
139818
348981
786100
633283
910692
616731
171622
119608
368519
597020
688790
12018
479869
273830
807677
529047
379704
92547
143540
272838
540823
926375
562438
348479
576395
837735
567041
257990
777620
952540
648535
917438
817873
950987
67073
728565
567719
238695
848174
452590
352068
53316
464608
831937
843498
788638
877336
223202
397537
20877
12392
454713
947252
91183
803192
523647
928918
886585
297989
706538
839125
462876
140328
656999
413863
207402
901916
497934
962449
266442
466876
830869
319758
447837
662807
163257
236475
56495
902811
150364
77372
915204
605077
540976
522739
924622
580975
451657
811207
395316
158195
650333
858192
298523
823684
788408
22277
725600
802694
501079
508395
269571
331948
828153
717408
994755
507762
470235
567603
926926
620599
644975
358482
225677
702304
881221
666651
283279
332878
477858
194948
7425
128191
569492
822300
468227
357900
844578
710180
676947
345657
218575
946518
677605
563080
180278
188713
70843
650513
756316
514121
787464
917643
872603
529493
619947
270176
196144
419579
603054
674003
614527
126831
318546
184019
949131
786774
58272
310061
496954
735219
172070
715529
198089
849676
278609
894719
554741
865804
545232
827409
379925
849048
261404
768880
378542
397704
39056
574686
817283
158462
765041
948162
285293
83588
648533
750777
386714
706805
60838
400020
958376
232909
631901
672817
598937
426862
567536
153678
809019
629120
497439
705296
478169
758843
474177
856711
156547
29585
947749
490182
704400
712791
954696
989693
312731
603230
256822
215797
826387
317661
615817
301116
550570
764070
973933
665859
190932
57822
335889
999951
203294
833328
705248
681463
108523
695777
54526
781423
241714
518628
271605
946114
747771
742654
452160
576854
345884
708982
792651
688623
26643
924820
989739
93565
688890
480025
759424
396174
537847
95313
912478
257493
444993
134078
938957
553517
829855
509835
334940
71569
544815
122897
534036
292586
865551
986196
869440
727787
695178
178443
416411
238174
619615
406150
331739
308505
402527
607516
221032
940374
219181
133510
197868
664175
783940
653177
734044
613795
679364
585336
201716
224180
224585
735752
33118
90137
721948
418911
334276
933479
597354
750687
171653
216970
673190
19744
41827
75717
143612
779211
532444
362794
429073
246664
543321
213013
416193
277365
826808
95557
379053
544877
836089
603638
796981
869208
210127
35282
288119
544404
968761
401825
811443
656766
618795
985
192862
176975
76703
336475
956186
125499
215621
385260
372163
275294
114625
788356
69011
457786
400265
448064
2663
236355
51702
315996
621915
778182
351278
910034
322586
836391
311859
650381
9509
447007
651367
202372
140334
244422
55199
612872
369921
787172
514484
258436
578818
629110
563144
647829
86896
479761
95893
605911
232468
663947
921907
854383
442129
273186
764417
281067
625929
592629
447801
635439
555988
615520
354163
696322
859942
925714
825546
746215
712886
340031
521003
808056
485493
84147
455885
572389
80260
68130
178300
312729
248429
100207
167112
206911
889745
447882
487978
32027
40511
452131
667466
112851
67651
537981
325525
927593
463695
151071
190160
692933
491102
711163
500989
976595
311662
473226
65336
391923
541356
759988
704652
789785
376548
388116
996696
782645
835998
1027
814672
392861
453158
998490
505712
37162
536471
831237
964755
516518
982309
671268
725803
989763
382431
743144
482711
694094
216370
64399
602369
274078
824388
823373
63864
200936
211489
576912
983581
563840
577939
798254
956701
547450
313096
462414
584612
365920
810003
65719
882438
308664
736987
124594
814780
119419
867738
297491
329865
600461
361890
448586
874539
702630
271959
938403
903566
483448
515316
403500
47288
609607
718106
520342
157057
31202
499108
258021
397122
309111
323741
795913
134128
577080
920507
948908
696499
788245
246399
542716
388706
124641
991302
263246
827272
779613
718001
247190
779414
749669
650690
343054
359277
368796
863396
32686
399999
362504
290708
313473
187968
130801
109386
322096
707881
29893
787356
920733
334491
550107
979801
239549
191100
487456
502795
18372
267069
737149
781915
46483
486818
948957
389538
362447
317754
252934
395134
234105
131791
202194
63930
836111
332995
173317
674559
557228
203210
461915
994313
54053
12022
974115
293603
203122
461571
312750
737847
244992
49899
36114
291476
53070
985071
197366
415517
819177
966652
810651
569634
98443
529197
633565
450906
378544
806882
125465
935773
526444
587380
930086
580498
115754
420553
390453
835229
398476
703203
573076
643469
753103
609190
451297
806173
110613
648663
221690
929791
615315
548694
499425
230111
77891
132990
197369
456436
456224
322835
908561
982669
426567
354999
79519
542322
775553
469972
377551
690381
173175
466979
333850
442630
592521
301499
765155
703134
950162
503198
632925
81830
51892
132351
828293
646135
781693
25662
102571
237918
864849
527484
220587
291417
882484
816458
350091
174389
286430
243994
864770
975957
227325
714973
418588
819846
16472
700095
522980
482987
203293
155906
81169
771537
804609
425814
417673
586302
967828
36596
824220
832678
564081
561159
640447
446565
377617
506890
137306
180399
750884
2076
156357
494561
717049
91297
314407
249874
791392
837387
732861
994686
509645
814030
766223
314254
756196
700248
416909
724024
736845
757481
556702
300926
318641
713501
263843
212610
220391
917501
909362
487627
919577
582071
982188
152979
673368
296595
402853
981112
650335
652066
492150
159980
982448
774726
990587
738644
474974
407496
462668
728171
681329
535723
545449
516322
249224
325644
728933
469616
243145
154647
957243
162723
736718
455784
832054
926438
752379
234907
423902
919066
403325
432405
79047
385773
207131
585986
124417
198457
509834
103437
926629
191163
639160
472078
707486
888385
797723
952771
874353
40868
107418
347948
719943
360488
803732
551997
803278
72464
303256
743532
991530
706581
175937
586929
92354
383068
172915
733123
581526
199101
836561
24507
390265
475721
496585
97751
880458
810660
566874
754811
367881
190644
102760
87824
551132
422844
156174
870762
495308
459430
614294
486839
166012
790232
590120
774718
689652
279388
507842
271178
478489
344403
812037
868754
336476
824975
482857
216935
635635
49731
488098
519868
240375
107210
124045
307859
530055
280219
694973
25363
739649
309268
28554
422013
615852
618675
196732
305504
414415
704574
93035
892904
565329
905072
278011
901805
730047
277220
635092
882035
843304
639543
401903
600031
746753
525948
907891
276808
322519
602864
818524
578521
428484
847078
534
44336
982105
197266
349841
396520
418192
442876
805777
983521
864300
83788
401679
594348
877360
553123
992735
720664
192666
394638
320696
939420
436939
228587
732580
759458
347803
551104
337979
292640
914535
854866
336976
412992
568484
203169
809513
986677
646045
131642
486550
510346
731782
888229
621046
609142
957705
613781
329807
150371
524771
650503
606143
478062
395442
338724
753873
259597
406180
91852
552237
837067
463070
889214
250060
31555
92383
575925
18232
254781
707567
21134
281479
439349
425716
418877
48491
383421
549010
894650
533792
73781
545153
139936
68196
456947
995012
822069
716545
917544
430273
268782
754612
893344
674348
4672
924899
283084
580597
459483
54217
288164
480617
335696
243865
906333
270925
808708
806106
819935
703359
339899
410068
764864
996187
478264
221812
507551
300333
454709
425095
730607
723491
179707
623951
914192
184379
65202
713628
281328
41037
767845
85844
521654
619893
329709
944340
890818
654770
750446
710753
874481
606697
120821
639345
119236
115438
377509
626787
415771
832218
51883
662730
72062
747942
803033
986254
448674
868235
699882
730002
909272
467727
815847
947279
603972
661908
407971
494790
833030
674769
721895
707511
281467
359068
346857
917055
474506
724366
543843
406630
72937
112078
69360
144999
376372
872394
131253
825046
256981
347487
71401
166254
331566
403600
629885
935538
581860
37856
430328
414891
712625
668575
122402
510444
27643
985611
427500
18502
709978
487695
425132
782915
116125
494492
444266
492497
883238
575519
833896
140220
439358
905297
822826
770924
308897
452711
706462
890757
6919
653142
305648
719544
321717
944403
746341
865712
930014
690193
884214
156344
694240
309346
455611
810365
320191
899877
819214
203429
475396
653110
860001
914754
558407
682827
202030
383656
135538
908492
790766
658809
77986
612766
378354
916055
557169
641047
298120
3536
331240
182334
159880
541832
8033
615492
352197
844576
515369
171411
564357
507118
340874
424359
938224
899281
107186
656607
799290
759077
565099
590056
417886
159438
719174
312592
75493
792696
469991
373613
796232
317583
72300
956112
859415
596685
571604
211612
441261
603326
899376
5618
626796
240250
429977
81372
655883
53516
737979
971525
328945
819431
77933
263183
978869
797108
575776
570714
589804
562119
460680
386036
879703
49332
858500
739118
646017
946457
467083
603630
549783
882811
609248
692931
639413
555578
774303
811648
125446
28635
783174
454391
848066
861107
717574
343287
174567
809702
914001
764371
888174
891033
666759
767877
940365
525260
23347
102734
471717
490430
706364
537852
889593
315613
747135
529006
387543
37790
340655
512989
66425
123829
483732
430843
501288
717658
774130
675856
43713
204484
956579
931887
95517
139691
699764
552235
181303
723111
654969
169372
729894
877686
223576
619487
193299
970711
664846
97194
8501
5501
126535
591279
645682
610267
22122
663322
844277
312605
855530
887990
33441
328462
819877
128958
468153
519641
197545
165808
759105
368867
335180
5351
246553
558756
141190
956204
45819
806036
53398
570672
327889
696285
161951
489923
306552
700426
153246
150829
529383
8776
555172
562824
853590
375049
208134
321743
411043
405680
487551
170148
290899
339083
175499
537452
414191
316689
10008
460010
639078
579758
30683
966967
276043
708986
456891
98947
925764
126489
766128
455147
651617
321300
17971
505208
696350
226106
826951
107393
148138
830855
277541
955389
686290
969392
492841
100482
802433
502849
560492
441511
82607
107527
408479
875002
332866
381722
973949
258630
24563
740077
230130
676180
61378
248101
181388
757728
990559
524692
381473
655049
871899
175366
610438
558189
144758
619631
658671
947191
638832
735516
905055
237791
359395
829886
112793
692261
727960
86742
950892
752523
826820
181022
428703
404550
945475
610092
678630
452387
651136
60103
623788
523035
235469
234227
81224
380227
370210
256248
843770
9043
508116
265177
246834
867511
95063
359628
559773
823023
446370
27017
575546
789542
724391
520602
710444
186218
130694
389074
154957
298182
449177
778746
821217
684646
529325
418793
581225
899535
191393
941348
908578
699509
206525
155413
567021
817941
515041
643146
640964
477763
186515
732863
783658
427258
253465
494102
129828
900511
883177
284786
198693
848706
579884
19910
533353
109209
438703
630930
8744
146449
88630
433675
845958
295156
589088
929331
113097
620481
88829
270413
98244
791696
3276
398254
735306
773093
892357
865135
673604
291886
666273
872297
140592
246157
892207
190297
871718
847263
821228
880462
993712
426210
314137
356022
721366
419577
285354
350815
40058
890535
137581
654655
682232
657209
52909
417538
430303
461618
282673
103907
753504
465298
976205
410449
711455
384764
600746
583173
748379
938326
979988
258443
364537
810477
614466
602255
230055
899820
469423
786465
790355
607004
957472
988939
264213
10382
406478
694516
988352
205503
798424
258209
670802
290981
668658
898609
675745
785756
998135
424125
724083
978123
682568
604972
304952
813386
207227
51359
229558
193002
837825
536266
800006
795297
525205
64220
322031
931683
275088
310384
653539
589864
84945
840693
880845
269955
739302
72943
55711
253789
497068
296146
748264
695988
901118
53217
509375
624698
104576
255285
334052
458753
791551
134059
254051
316757
714631
92434
764792
506071
919170
934683
95936
4115
775376
976781
274070
31031
49724
846134
284820
63144
142280
33085
275485
559751
86302
301212
700801
707230
556497
34853
165984
348049
168912
936387
181158
399895
28821
945950
905967
947992
880634
1903
468459
172362
495036
742530
203393
544761
588664
488214
124257
247296
37651
399742
807047
640305
217306
507848
347535
773804
59054
29871
638205
227966
966258
819363
144214
511432
281665
50181
459424
678651
568436
444235
851014
579824
703117
54407
640937
291781
58973
765195
55430
96624
681289
862477
736929
898596
886678
84465
672400
945732
630688
310605
690050
596947
646320
350616
624731
927985
917149
600507
606637
485585
44742
457651
65410
747860
512058
222699
555993
87384
987894
611423
184008
669184
990253
920938
84132
393283
521755
272884
855367
152443
583489
545417
265742
746161
412386
890473
674146
329535
490980
280783
331473
52075
738434
913235
799935
766845
135934
872280
854229
123829
483704
554589
309365
990309
475527
909849
383592
997282
182733
238959
666078
282574
300728
931820
28735
713114
338646
702881
559002
345978
500017
890475
398053
754803
803710
714340
521648
939644
586621
892229
579825
586677
963171
405542
576986
438698
315391
476930
952333
498124
232241
134763
780698
49321
66583
809433
278788
921581
28667
837790
267560
528684
728265
665613
283487
48327
379954
321488
987971
482927
730069
84149
69604
693240
489691
162942
648291
805083
156224
116976
303207
388465
251739
600258
437786
834674
926043
232926
756256
954710
70716
23816
999746
798981
205781
283234
847308
102087
121074
351632
585014
851143
435781
170970
60736
925472
333912
709027
246907
6488
826003
66467
394953
594094
666725
349092
428768
109120
582018
185024
63831
652735
725192
579929
968068
447326
863163
331729
549413
984237
199713
650780
351733
635494
821750
412469
77318
672015
637848
840578
678503
463851
907045
589809
574297
90122
938901
3065
199242
37271
704442
779425
206358
945986
359355
690779
393312
738870
22508
942726
239460
222221
109858
591193
374067
931608
520014
967737
119975
157862
808315
798479
138065
231712
388288
712362
838186
843541
715427
553781
397164
936221
333206
603523
882208
208913
294302
275520
464136
833162
734598
703596
571735
844456
811141
945802
292417
331155
429891
412392
489017
754559
727223
143434
502623
631863
855796
340810
991756
87575
894591
388921
23797
744149
508796
422357
953063
319450
214229
933551
152612
948828
637147
724347
309636
448288
186501
118405
295795
132744
47150
301164
887303
774373
444598
389927
922589
300394
247089
914345
387969
141680
819618
928118
885829
844766
350475
355244
164216
564705
288795
316828
29885
442294
557527
855873
406934
260380
974279
702729
393125
21429
520245
796780
312154
964843
703059
751095
781589
950148
181793
169559
91828
517763
614029
494010
362530
964505
365606
526746
45562
170754
359927
75447
613048
433806
931320
19983
694187
905599
239064
603664
443380
759310
916796
271887
724153
619856
539334
22095
570004
721127
708006
178185
238891
322035
188547
601421
286540
70505
644519
848454
241259
4446
923901
854308
438253
855222
390643
648792
277173
629707
768808
236906
389017
685604
25145
629523
305460
564479
651618
391817
285607
359624
86354
40850
198011
791253
642271
904
861758
286790
849358
103018
807589
773260
957326
762194
144834
864321
927338
422007
494028
696146
175265
399398
381750
200410
545273
203563
281242
713243
111732
566849
589219
198086
607699
787230
989339
766322
788134
851097
569464
637493
470467
377053
927105
427793
655599
71939
292114
582937
10298
302495
795435
701916
701893
177186
418678
247166
897101
699920
476761
8833
266769
65980
206919
390820
853210
712610
673494
157697
563707
242959
311542
34175
136364
238647
978320
308316
826938
786787
891253
353588
89282
686689
55504
307527
380227
990535
71045
277328
690455
547806
286161
473577
613786
9432
380749
983348
722042
54244
141045
802101
813555
452587
352628
949919
207586
847301
258235
550876
634088
665841
904465
239722
868882
476321
63601
765461
466856
134646
42789
157312
198804
845302
147241
328942
854734
527990
312290
93128
582234
969688
895229
395789
422275
764210
862061
146214
611511
636648
697090
245599
302489
601555
1673
687723
594229
65274
453184
61085
716272
495973
734749
431428
857627
398342
760370
228713
926333
589012
321841
508567
558700
733423
420709
497328
497633
282770
643542
109144
919418
340632
871095
738260
458540
872768
425983
52769
454394
879168
630206
170666
891493
881308
602094
265473
279650
878816
494186
722335
467828
816028
230903
542881
65803
167964
40209
563436
450734
200103
188932
886504
540735
60027
624764
515627
449147
567100
84748
903541
962620
231307
74207
370465
628967
192653
635938
908617
587821
130125
147305
55649
462505
378208
114882
44660
62524
155091
124448
513258
355194
313380
916114
412282
889759
57231
444261
338906
624331
529010
242447
103303
276669
833006
473768
905636
542011
109707
330605
129832
756184
477910
701833
735041
372470
816716
779701
434994
488159
904149
464604
359706
217529
380719
771988
623640
954302
732601
962546
578633
261611
721345
681936
538280
70703
672056
960268
129066
781763
290874
258898
54299
768784
477083
789340
141255
293799
569041
92601
781959
989542
557206
141665
723423
454277
430005
347063
408579
162606
825961
987212
940570
547306
185500
995202
134361
373908
955471
263427
672024
762697
38677
726323
531481
515761
32016
189088
325912
601057
281690
624223
106952
838896
282240
830375
809525
228597
177439
218104
391204
3400
721668
848126
67059
423520
359680
717772
797428
315151
497552
469452
594200
536229
195776
125682
568342
744144
831122
410607
861553
112812
34830
968505
468060
317071
798881
277585
545668
492672
12041
453224
12424
733709
817702
595835
157229
177383
313608
954658
8886
327512
940462
603087
380093
652590
245121
948436
396734
76243
359043
258288
705408
910225
226793
689820
743648
542026
483758
805669
34698
495799
258893
563475
745861
592948
159310
903090
770331
989270
374100
295569
316782
314563
898656
696876
483505
660129
161664
880240
252725
37059
654880
958133
947284
881673
164305
690933
940052
164415
496602
974750
660215
271847
54577
406076
864795
213888
825518
151478
719510
199619
447048
36293
30534
862056
249521
514039
38538
411185
910631
291263
964596
565511
765748
911880
963537
930053
119165
903589
94469
132119
394691
271036
920319
449269
193464
301466
663157
18982
452945
382667
734953
416345
935312
281839
794753
184833
312231
833291
112370
222862
124554
76966
304726
406654
505199
268263
336708
624364
171852
947529
272836
82895
734917
193155
532164
928381
494621
195321
463715
463918
94341
715021
396615
546005
996860
191369
730839
309091
541012
359561
48306
181919
952880
869384
588573
458079
137647
441633
82443
825851
905514
871631
908746
640431
64786
440911
85164
75760
152584
548880
56030
763277
263901
452646
309283
777113
160367
556474
602557
701379
432387
167215
399650
385267
36599
988224
843346
690598
429857
442142
32801
851724
313773
941547
492155
894912
898810
93672
970672
567747
642552
26702
847376
422805
479348
156659
716270
156067
229485
835179
857447
661873
2394
257097
47140
38993
761673
890487
245943
707883
332629
278744
559607
162754
736644
568114
57666
151806
661786
28338
719553
820690
571393
566930
759847
567093
239941
476118
723161
985779
827649
96960
647652
830044
870409
211144
385389
632083
101631
631333
339966
950612
426429
415925
113367
163073
984039
171033
314880
162178
715724
550785
982868
287117
634067
259068
854210
874009
251538
93723
376140
79187
190683
23792
909231
61093
751288
810973
693176
852920
442306
549494
319884
868735
965419
949603
548161
465810
636989
863041
627988
352713
413826
127209
156182
47894
386277
526744
438255
637815
620468
814395
233354
811151
354539
142586
388596
105827
953559
81772
475099
912217
147618
311336
297304
629389
260939
845465
95200
897928
224858
239540
766993
638685
883101
439527
202931
269378
966272
157538
423545
586740
488285
656900
914243
359176
315838
302840
981355
785749
900964
972807
697966
48583
284143
511622
194324
545082
873440
289524
959363
98298
45417
242708
253335
928518
682236
972618
714249
648508
130156
654146
751600
134793
827398
182195
493969
143236
485035
475325
445337
902352
964484
659655
467287
248627
171278
661611
310061
44718
951136
269424
143016
512905
512133
912704
957775
194369
885322
672024
359229
15479
842523
627181
150272
669921
809376
160594
329510
810764
152271
774847
713116
116755
434503
180403
365382
122133
842014
675443
166851
309502
461220
826219
338759
489705
738923
296535
200426
624246
484911
76007
156077
327434
703188
822701
513708
512564
983295
359570
839680
135566
650769
69148
252321
601624
765903
134055
723757
124270
325851
406960
433772
303423
749532
288884
793128
488455
585419
993554
629053
586682
585913
785130
430469
289101
124184
944177
318017
107479
303747
157698
759398
470868
743198
528071
72493
509102
662127
796250
633372
504330
203211
583496
807753
469095
872380
600881
957550
974151
110787
102956
560834
696700
404438
991303
502153
528622
451832
820170
636102
271931
494220
911852
742799
237419
439923
815292
746521
618402
127895
896245
122732
847458
479741
930485
316553
868474
47718
790455
842625
674857
893411
919811
887909
297850
427466
906414
342824
879298
726585
495278
667581
737157
407130
926733
490928
847054
742025
237449
465456
869920
650046
104541
717378
129788
551378
550283
514614
115449
340739
873591
790306
750502
793403
194568
48352
220869
100982
907529
616520
343919
402807
800453
81077
809938
727186
572005
173344
985564
325807
155152
855484
492205
259693
89215
138345
811072
155850
652959
926521
496589
526551
233179
247092
836306
427747
811796
57175
45082
719325
190047
905353
638485
506853
986430
964775
234039
74788
138119
219603
916947
809623
591440
409152
69317
197007
547498
396741
352857
200457
323262
365799
243360
72793
612891
79666
16893
424687
653194
61975
660365
359593
967328
815202
866446
470111
779977
616838
61251
434448
352793
978198
760423
944233
903702
829740
657592
451200
226481
10450
168010
66095
376249
927722
138889
505492
7389
155782
446531
660583
734109
623248
536528
701437
438450
402975
687900
734779
536165
749151
169227
888958
243701
446003
349544
147404
275743
7136
114956
18577
17586
799318
601024
910187
727041
256265
415679
734430
412047
378563
911365
662508
1811
964245
880298
440262
367220
568198
175041
419737
833702
860621
308696
77403
822976
658240
224807
98719
665376
856116
633648
199315
655434
234673
625854
382475
490938
557886
633257
419338
936449
60974
81846
938260
25220
962144
894874
392440
46695
586268
812178
880397
963241
637226
957800
786217
295466
698960
401288
477194
555076
34937
676509
210510
785962
302364
109338
793252
860250
742595
212590
313051
803570
810789
767663
828790
772933
662538
737582
335980
765158
66112
216377
728399
219690
174178
30968
515156
389490
432256
992351
460918
983545
185212
187780
769507
487576
297118
562760
864178
556066
291702
693581
875988
102491
461245
221130
391777
640135
958712
727757
405293
541177
460487
133692
760867
151017
681012
792376
540507
113268
784727
1425
96814
486291
705557
382673
973868
2676
461785
354398
558742
753488
564332
951082
372331
25577
172212
280460
665712
647276
524570
71005
188453
985057
721049
465673
652426
402061
258049
192933
31681
559128
710710
644847
45419
416267
27521
535639
935295
489306
406390
10389
242794
970722
961471
131478
512651
133683
928290
178363
297312
452860
765720
2117
954269
3121
467790
606695
921534
242191
315980
469567
317671
26690
114415
879443
959310
141936
931434
410957
631242
337824
421347
390389
824898
899170
38219
337549
549206
966509
32264
846518
935722
797984
848635
889991
317457
316426
496687
238991
74969
812667
708559
908993
355710
339326
788436
831372
481262
719870
242329
628856
574047
180028
535597
398945
79199
573816
252847
628405
56678
285111
474923
992400
599448
323558
882391
916905
156336
895430
672249
747658
224450
897160
656651
96512
236486
445087
444236
717748
681309
686565
862956
255356
382946
398554
170654
462145
488722
423501
606902
545400
224964
81825
54152
824412
921735
452896
741318
594424
348326
929919
342082
89128
827079
515085
185640
63565
476524
146228
297665
157833
832794
160621
929542
215740
75527
616548
194237
564250
556401
801139
626002
781365
399316
680155
605778
837403
133051
863448
948179
997729
793367
806613
86858
620446
321698
788850
200363
798222
935079
498028
472408
284225
175001
918302
16317
766881
534850
210554
331131
91251
528045
473485
388968
443713
669992
511098
281116
803043
374546
745648
317125
684265
552261
920335
304711
873960
709185
21426
188534
160616
35806
660942
961193
727160
95596
977510
494041
630446
704416
341524
238049
748813
815009
627018
192526
485002
138116
989995
804397
29015
735643
637874
713280
287904
558209
534344
678216
783747
555770
866751
460715
107929
44045
421909
835089
139642
915771
329130
286440
620188
670654
524490
369001
2015
667860
77880
3369
322328
584227
324119
351343
319870
961993
580976
124126
520203
115320
802343
820302
187442
185446
281017
811723
229491
702926
646812
885485
618698
492294
171926
755238
162948
212768
640591
681316
880628
718471
684685
719308
302698
8804
587004
138920
970798
167980
263047
7353
799652
581742
827655
503446
767188
625024
315170
513031
327951
961982
398517
463001
454277
86795
218239
133577
299563
858830
814893
180191
93654
499579
899499
912704
24735
486503
51625
511885
170835
831024
35590
970487
929118
379597
473934
212658
4622
789104
725689
848925
267438
640558
311926
238067
727353
530165
371645
26916
905347
702890
723459
999001
718821
622959
428058
743557
625814
996035
771794
313002
343411
807385
283489
272529
186982
273775
485187
191604
579231
727228
40529
363022
367787
352455
601089
95140
398972
489086
638409
820672
191977
361868
336025
910798
501179
764083
170707
643346
760118
942502
956348
103529
749887
756189
892410
936869
29965
377597
644826
125548
104826
201707
488570
988965
70515
89660
84105
469487
95098
722514
806511
287075
600735
142537
197874
101914
906620
884933
745260
183091
827435
701608
802972
577322
974150
211735
30544
4115
589332
191722
646015
210510
393429
134586
199475
463944
740598
799933
449784
835696
38799
256295
639124
639534
398832
353350
741449
821805
238283
3061
521248
65719
221022
840572
159393
195172
52307
189937
715639
157992
381659
361654
884854
775089
12592
600682
755385
269542
916967
205169
621591
955766
461465
260715
111653
376649
614065
369454
198454
852348
372515
236054
434419
593537
76627
593813
305061
645286
783750
20700
319630
681762
382355
204485
456851
394947
805167
212236
180842
722134
933758
802433
194252
395223
63148
305905
288224
193565
191711
486679
45913
564227
239085
480333
674116
832064
74146
979178
477351
374248
999878
796981
56010
898585
1466
29213
809885
322985
757802
990727
561471
691560
793160
755724
603135
372660
577981
891359
566225
769693
894390
612138
850272
133476
608823
40740
965540
199321
536270
959243
573570
52501
272577
145932
951086
790395
175146
277323
113381
932948
268050
191204
140860
577562
946928
743995
950222
41262
151706
516447
327307
46097
644938
693931
695925
253761
734671
661465
453083
270942
137061
543005
839795
409638
688937
307233
200033
380435
584557
829766
829735
852607
20971
970595
430170
484251
230942
896744
41865
382649
413192
369172
428746
58130
63103
124671
311891
314127
302488
281326
585069
955901
340683
941216
365539
29621
248449
81925
410056
833006
911691
756144
201966
449014
726739
148488
933266
957682
45232
975131
856683
458424
860656
801781
516554
923759
442804
344798
237886
261644
142476
339307
217546
483160
280523
99437
512781
45325
181362
439189
878331
93054
195333
596649
58420
438425
745137
991686
912459
790370
483170
769142
765146
343826
570923
798053
267585
13727
142851
21824
275371
801679
361131
9269
284839
158007
108707
313972
203332
290069
269514
598015
899475
464847
194665
957896
419624
456154
465934
332083
246524
949104
101225
528023
292930
188500
326076
76868
718579
985279
615044
510303
786958
492527
519572
71798
166886
628279
902122
370218
434701
171636
484586
850528
636484
195603
808424
572460
651757
790711
904544
414634
739815
522121
942657
549098
226974
785085
142318
945553
770364
757362
972208
73674
766241
491781
661824
933128
636412
563947
819698
71113
735583
304284
437994
888419
499887
246418
460880
667997
37129
881776
82631
293297
403897
541640
358747
630871
326725
501065
92777
613441
774779
64985
203467
541020
73118
865292
474148
709531
945591
293847
296996
681174
114483
734990
85946
614371
497761
63178
282368
51242
461306
881351
344539
865203
422991
703286
12427
266068
720703
621556
879509
495482
202893
82976
552855
276012
464620
543355
501895
410211
837202
315243
607738
951686
566586
693684
82409
580699
273214
881129
631941
734520
278832
492833
116075
701823
712471
644854
967891
433175
266410
363752
445009
469304
963080
997864
261668
427701
57572
279915
837912
894774
595158
445650
362812
161744
655686
961573
742443
445252
359054
890737
696124
637886
383570
812200
856061
96041
973406
340304
529216
756169
704056
490578
741825
667137
4794
3493
611190
62366
283408
449102
473493
394918
411105
352657
556663
583143
830583
815458
544748
189637
706195
240872
343876
606117
569424
199937
702159
542831
540242
747727
299000
760650
754657
40825
944139
759452
560670
555329
821818
844078
520784
811663
238996
448241
164321
312011
31384
994904
643822
92484
700893
866369
333357
44769
472487
419133
244707
690998
961964
301301
955077
777316
61951
709735
818141
6091
469187
895163
77772
807357
255593
598556
619021
10942
46797
299694
839305
594534
810950
483127
687018
511843
349497
536727
556613
338336
955861
317672
29334
917825
618973
984411
695142
197276
210498
29635
719719
679685
441151
797492
3395
696744
912400
138768
707686
475550
438462
546992
70084
249412
546471
757102
277607
412320
293830
834220
750656
766043
668244
296342
683868
803569
797106
895362
846
7604
441350
236917
203642
882501
550761
207037
95597
979514
345805
803284
455064
300619
866628
525148
66383
413099
798602
343990
825420
608784
694563
576076
374827
362807
388771
575048
166377
185877
470410
683575
193481
428112
436844
397123
826965
987606
120512
922563
967120
466317
242199
422184
283288
108827
463684
349671
38278
262286
210014
863698
871071
904577
956127
245898
783736
344898
820946
950113
47127
807709
150040
756960
752173
103237
670436
579139
90843
790948
18054
574315
773618
260253
512851
56906
885432
492887
406578
923710
755173
616592
303761
142596
37521
259888
904847
821257
121138
242145
287723
684617
566206
437763
441577
318380
541000
112013
413871
148195
419314
431925
238862
192932
208530
268065
766190
610314
277304
172768
50376
32478
305712
354137
691426
859585
130377
596273
680843
767867
354771
968566
452484
920977
922681
410414
239357
980034
38779
169580
644581
458093
117857
399796
651025
326387
184213
417216
453053
461518
106336
19782
10348
928401
890271
701774
304338
20649
814400
985181
304868
169171
470099
273705
90148
909133
684119
845858
405519
722898
15438
50100
697344
133296
966248
348369
976035
150462
281937
945441
611980
904626
965223
622328
349379
855494
840454
653717
392495
654854
155251
697364
824025
625350
487421
430526
50835
171540
276384
456354
410790
291822
22807
108134
941470
989055
972856
433858
655869
771145
379299
784201
675771
344522
922881
25150
716368
763336
195220
108864
418190
350471
322580
758568
492173
810001
189094
59361
981541
981830
515715
908683
790004
54874
16818
731475
560282
506026
681685
216151
277171
60984
516705
952943
921858
439586
494445
638226
719274
206017
747090
653817
556488
586022
412385
565014
396023
117831
624375
893916
99661
656442
802600
889665
711317
335770
137492
271599
841796
819177
4102
118967
396513
520807
588262
318371
476746
82708
472950
196020
288725
736392
849837
361566
322415
262222
926580
718438
896405
67307
612355
512418
723749
931307
402084
435066
267077
55928
223017
108873
391458
227120
744192
787971
264279
332455
622695
741025
931515
95645
937046
736592
832037
786883
98158
154452
565458
541090
872891
461863
124749
1598
974282
848499
932905
892718
799917
716334
464998
22935
341559
856456
766407
85751
160780
30686
934558
783475
771712
866073
879120
708758
602666
227509
11993
217176
381962
577451
274619
771205
555667
399368
772803
46301
764219
222060
455371
564137
454746
920369
587072
796305
293178
353479
398408
453958
384165
332967
753785
672229
199040
632905
897339
318058
376766
909333
535235
758728
3136
326206
529933
558803
725574
819088
121456
489794
557500
576827
570283
12246
497197
157355
324903
306727
27186
723312
760685
927703
56279
30822
599933
771671
180079
497272
89730
556845
922957
141317
315574
926094
983875
361859
1249
225801
180948
122706
231947
738448
699533
802230
267047
713082
959585
591950
19809
503123
315262
296846
430827
887893
327668
30760
659565
507747
44384
265647
64593
967342
923316
896519
893436
907191
258378
411037
132992
955678
533743
364940
210479
749629
167170
477526
979063
643108
585828
515225
662583
901091
812071
93410
305336
656092
640522
481253
680191
201259
746900
261136
168601
670216
157655
578389
93759
416034
989426
226752
371712
39522
108044
582191
789151
791566
576069
768214
951026
161898
283439
613610
579341
611863
223372
884677
784307
863895
365931
464498
65154
629183
725635
750107
299400
883290
328496
909511
815676
834274
652615
703741
873796
760659
802284
662947
552226
378354
947514
19604
540252
230953
633214
635945
359168
856587
520622
143475
236834
402905
607974
818340
32089
849961
568447
847841
249603
413295
757352
65280
247569
409968
769021
121366
686979
571305
300665
755557
466011
248179
775162
6263
995485
924728
158560
871005
297667
679183
14481
534501
598440
138807
869193
146881
505120
953992
994722
754723
367287
268427
820003
131209
194747
105376
768927
881726
676682
69592
637284
142693
834124
928798
665309
345961
853526
823869
216966
667546
19404
747799
718399
134197
886606
587593
281078
391726
541585
275801
146450
425225
60580
482805
556434
255327
588182
325361
137053
781216
911305
290689
440261
745429
735839
105570
607742
105718
445792
824709
773264
981548
572508
491663
115745
975467
595608
396824
883545
137194
188977
546347
78771
249557
29153
635205
504884
133687
476918
158289
914903
388223
965331
355164
650005
701170
977087
257747
323240
939231
82456
96504
437131
171317
104520
552877
146784
700128
466053
30329
353674
171382
576677
432445
420939
122182
584002
442175
255869
60920
116816
687124
965496
82147
42288
615501
299670
535727
873248
139262
991310
472057
752119
428442
159726
856639
981319
306510
73119
963724
853191
943146
135106
946220
375591
72397
68402
475946
514572
840623
536866
147740
527747
502362
746240
570036
634215
562262
622115
23816
701524
613426
12225
453643
41868
171951
826634
539539
478461
416106
19615
848004
359252
154721
794225
251195
227118
378979
727141
258042
219603
780360
922134
747350
282722
668374
833738
433290
746988
972206
457106
448513
101984
469331
418508
143852
641282
245143
199743
636095
177601
219358
451
536853
890431
794676
788048
633901
690008
515190
408295
425963
295550
330429
173313
94624
515156
523404
527914
262144
11962
501372
710657
113946
970703
645518
257798
128337
407013
973893
764432
584614
193251
764884
121467
600034
75912
425867
233935
282272
457409
642230
708235
752959
972659
397901
363936
487815
921305
408202
749960
933267
909575
976969
563565
396630
622487
821363
524968
545852
311608
805752
130466
21211
86988
768285
621245
679253
194153
855180
961525
651562
497410
186113
920874
986421
584014
801162
990589
21671
209364
256901
471290
635291
750222
34855
31922
889062
372570
73242
434914
684178
395346
565381
705389
482335
850018
842986
677940
44171
698166
639465
695734
711928
341930
132960
214701
925944
934122
205290
947615
143486
978543
418905
295130
728766
453760
327052
617828
826330
916646
569094
510508
311992
650827
732249
794327
500846
575235
988619
545017
789753
144437
757103
501681
486367
406415
232735
412312
340537
438025
359927
376
932921
778833
295506
178039
748945
622558
795867
575276
539204
881313
602136
367548
532141
850738
161876
549339
425973
150495
610708
215727
294932
884164
233760
781300
290579
466495
709964
631117
420873
69891
631493
870146
365076
926999
48185
114022
65909
360404
205650
121465
241717
324138
489013
290210
174876
167241
839549
117202
834089
966610
332929
645373
850774
83041
426673
141353
65889
652989
772470
3114
722881
920315
873260
604309
363666
437797
234683
429575
798201
956685
67392
556270
280824
556406
846481
972052
239999
202382
89254
74088
168992
938535
719462
19766
21577
662487
677472
603818
315477
966294
606932
554710
886610
996544
675371
250276
434341
910055
196204
748894
383092
263596
305164
663916
336354
151645
635969
576354
870380
725223
166794
555724
180111
886256
91843
201688
65096
769315
321858
380573
735609
445142
935283
138571
441686
127006
905200
392379
37061
617756
141273
936506
881352
962789
600422
734059
114435
752743
826765
501167
994319
509911
56891
174430
396168
148734
892470
461264
434401
214328
358189
170011
659470
809824
824934
617508
936830
730134
526239
490244
347890
183864
426750
745595
146653
543524
996006
777440
812620
339123
278607
806939
849034
851851
497721
761554
585
390191
222818
434987
120871
97359
121350
296693
907183
462636
430553
844014
709123
473144
850610
573365
657008
277360
318960
803661
820884
831318
97454
633504
170441
376061
956795
535828
227912
970868
297382
744850
361059
36553
696189
998282
133912
333891
811327
41096
796527
758232
401462
505650
231376
252072
79016
888384
529432
914328
208398
866668
261999
305852
16525
948792
681913
973320
484620
426178
944189
782003
687380
821600
334908
383569
336235
468820
717460
663914
509916
30339
422147
427730
52342
653523
679802
131358
541908
725586
562038
750306
592255
824037
572510
608780
289182
770775
98452
773802
196953
558993
72157
400685
896946
407065
784254
749533
875886
18066
413447
902154
48406
835594
846237
100748
489118
526039
748458
547378
251626
826848
814036
360233
167238
386546
485365
456420
157321
100169
230222
870627
659163
818732
271312
72461
225797
571919
821994
618035
589985
235441
36542
154743
71036
882779
771843
76506
408818
36653
623884
176796
863502
437920
53381
30740
824466
538746
487160
498139
638916
233734
368766
814431
52466
156431
403244
794616
244702
225238
412651
834687
977031
449193
505783
564419
848324
793978
640925
773495
830632
781161
950291
694134
219081
3673
241226
559899
58771
728386
58039
214039
962120
943157
28470
530939
615940
948066
325555
860642
173304
738206
211682
666688
703752
717465
747459
552076
27795
388385
841923
858427
685898
308567
68913
904980
828592
310139
981231
887363
38525
555622
101403
516998
498780
646225
47937
631072
594292
373492
491715
283948
628050
703397
466988
848154
937214
214448
916583
481361
119185
758506
339789
805083
67073
408702
226415
895665
235194
207647
299381
790071
763269
400784
307069
778401
563361
871358
925826
674005
761202
417541
474306
905605
637290
941294
753759
90856
155742
670342
572217
791279
945201
428358
596363
12274
353413
339130
424292
588607
63129
723673
378678
342751
640809
202100
637504
204170
73458
563330
394528
351013
980871
868834
256618
134513
810128
10377
741721
482223
197072
313939
273502
142273
258649
386217
670899
612062
241700
95191
200669
304829
818864
95700
647580
459673
297800
285085
180196
887610
848415
574724
754975
345639
443558
11593
480152
770038
538323
738226
252261
251747
52165
42116
394020
827166
428333
581271
439229
670033
676463
156250
491215
495327
251950
138795
471353
66102
940232
651549
470065
305000
742625
225040
650639
186183
752986
647143
956221
807661
385369
724835
59408
953886
766951
969780
781053
711636
67403
736634
898022
743866
892884
389237
755546
661187
44384
226899
243641
984617
394800
713706
805969
653777
455099
456608
356312
724437
620103
312533
532098
521825
553720
107858
475711
320671
593990
773116
32308
661393
26102
446682
921612
918987
835919
677158
96526
396655
420409
340167
897624
331561
570226
703593
985338
541677
160201
341650
266114
296657
170535
314564
818482
724256
938774
810545
561279
532764
583662
109939
710509
609764
556621
632121
45103
908892
825631
657981
305548
246040
514501
203172
93953
84727
906766
79291
142756
583319
937293
408870
879976
624181
239786
214810
864789
178560
25356
426068
227676
125370
52360
454537
251486
125333
603011
812942
34226
428642
470923
339774
191035
985424
59298
801340
586503
482416
880632
729259
65736
334277
654481
462064
474810
894267
193227
339599
72827
218583
282020
816855
860305
334380
271393
111791
459713
874404
924733
493939
819398
912009
350065
526785
897433
925716
328126
483937
408132
725110
729548
990220
575739
384030
968637
50550
278297
161864
390149
867477
380447
672169
200684
757104
6549
472077
868895
982615
862833
309981
476554
198584
221990
342972
725369
635775
268688
53495
636064
193172
294957
365613
183393
870697
265995
152030
921247
544292
313894
311396
928121
210693
499918
128806
967797
506467
117235
353044
489082
980069
179377
481989
695005
917719
341313
420374
553495
126353
990222
705911
319525
285179
587876
19270
672228
853871
171300
593475
914516
1546
421224
842637
728591
921142
487795
696388
943961
605031
565785
433044
101452
745162
431385
796457
662882
289050
733183
732729
415403
239757
954992
734928
41289
542869
754199
713517
396740
441851
823345
311256
443398
244569
670246
171989
165711
674393
384730
109672
279424
466867
59068
897228
212029
6805
210037
391263
295855
459573
640344
711258
699330
595337
962539
740619
138206
233090
454137
534946
674941
277482
362555
634691
38403
549153
323033
204114
223546
224115
830138
19323
690982
405559
916551
419363
412364
642941
326979
224572
102514
967323
452182
801844
79012
414721
58816
217218
647811
29305
268517
839105
823139
147424
990148
861542
696577
313181
582008
920123
53648
928498
939446
744630
334057
372350
163994
262774
15291
490973
487346
117805
974648
939528
436001
53661
870602
11169
270879
34765
40474
55748
873870
863613
203172
380371
241507
416101
209904
823515
336225
263553
752014
792023
8183
602423
164373
688529
865197
179664
179502
868895
813821
670503
324776
766175
724164
195378
777344
511395
230143
817819
567144
620366
197784
286668
737
439292
219122
210641
779159
555347
474194
47525
863722
998730
166301
28096
687259
547850
724112
383114
416746
54286
53617
741522
820461
294133
936900
114157
805528
683395
448328
889024
303761
646113
692045
820850
601757
911167
31492
897268
982866
22038
461146
846588
537120
627447
391036
740732
175297
631501
123846
592043
685787
693815
849917
22600
504300
303169
136757
309828
986565
101438
715205
290326
263903
923602
111177
382012
834769
659021
279280
333987
197411
740426
696927
734532
884225
604316
475264
59523
235817
115462
167918
921604
325629
17836
460556
829929
837357
113665
656109
823922
215103
371314
630601
995358
811268
741778
377370
162389
917151
656651
496376
630914
913429
193304
365446
797655
797620
357062
373530
549789
988876
541448
987745
314505
75636
448301
660786
912994
78318
316896
253268
809774
204562
883869
805132
15831
141999
182503
178220
59150
839154
674597
690065
268935
384253
571863
66590
698225
445278
956472
764366
434154
497921
752111
265012
89909
716764
925798
519255
795082
242694
772524
604856
447257
656393
409989
979440
314745
592492
157660
373895
947998
348609
580312
216933
249214
668528
799876
463791
113806
756348
228157
64312
770621
980268
329324
376883
697032
255123
896138
8467
14169
185014
613323
461426
357760
23312
440866
672505
132156
114879
562752
596506
979840
143065
813440
229055
327945
129668
209198
958103
402368
437356
22415
172990
933976
868092
549873
147361
123215
962363
155828
653736
147378
285503
115163
505138
825168
72381
177643
957324
703612
740395
70183
683453
399812
399975
912508
244109
529643
121706
202212
932011
75414
740980
621353
525743
609072
171226
673104
248639
133590
345284
902375
797320
630787
533890
302458
972307
122624
996453
445984
826236
253200
516167
509689
169365
916142
938549
413474
445785
576608
132039
894148
168374
873019
515502
694117
998443
203080
367221
763434
853022
228857
665809
650342
375997
716052
469152
348304
838676
981957
794288
181264
235158
310455
207306
920875
226597
145855
334349
188734
238815
466388
599235
407190
855759
114737
101307
854202
317817
984881
617636
170840
213738
799798
337534
589735
515850
323039
454392
870878
304996
248680
52142
56506
75488
259448
977381
818437
921656
828083
7172
160471
294471
606407
567661
150231
237496
185321
520785
555313
170202
138422
242505
383940
454572
96392
490028
970422
419431
460772
357652
724427
709452
926146
780934
301292
701947
274667
119730
623603
102750
126902
300426
913574
249661
384440
580157
487157
569761
100942
558822
739963
755716
317680
640255
210288
414072
646635
697062
349855
107407
571066
74282
333212
497213
371568
634504
715512
162588
754234
339115
265338
881136
155893
178912
647149
540333
275421
134306
110094
376364
209481
366409
648432
527161
6665
375073
457585
653300
72135
807440
277060
159554
398074
610272
656767
769643
761128
372279
448583
515363
227746
713921
912851
899991
409186
560001
440325
684607
210659
66771
577323
420140
433181
225756
947301
956198
117181
404886
125850
189316
212326
402910
348870
610401
529534
521989
896396
290663
410620
344979
806026
154718
575252
235229
54710
500790
795230
11387
185398
5890
78158
279073
426030
27691
21181
889684
983889
138362
294570
109740
844031
23249
29002
192901
150002
74889
231243
46398
365552
641863
907729
687930
312934
999333
923159
367644
500124
718390
379031
201874
240632
973541
480947
183014
1233
18481
72698
985122
156843
367269
611214
874
906870
640217
710128
56872
715106
457723
619622
597010
615938
43703
284940
928872
43036
724451
296516
59512
959193
191899
261386
199825
165441
258686
899192
166674
793519
971890
151796
950362
855511
279363
467589
762381
435932
694069
335605
667390
151792
955227
264400
767730
998930
65692
212955
558319
306495
509471
134183
265689
217723
395570
981866
383164
170608
881058
549838
964127
369301
217986
430841
224812
497349
414782
503546
933281
108851
839151
117023
776995
310731
897775
61078
826013
963467
274033
900684
269963
299856
34868
52004
517579
946790
550222
900743
117398
431281
450581
597877
316934
184920
545070
541746
198621
959853
561644
131903
68704
917148
765278
845700
227879
663054
423130
570244
626521
697163
470929
412836
513371
505797
981192
30951
452587
531415
931694
86337
479048
898628
200566
795982
599900
745636
854080
798521
705489
932077
446776
774194
849225
212055
136246
593456
875109
559376
163700
17982
772891
634629
947171
286262
140426
444715
317213
109365
976130
765260
195702
971530
180240
912620
283864
780140
658257
137945
95013
363746
586374
541790
654292
435599
753845
790538
545407
145306
866266
709107
679640
639157
343737
143163
925420
515
587879
758985
626233
80361
40597
338287
51892
220837
250908
335756
517329
909165
990053
128695
272911
576427
670485
443556
528378
940682
234094
73785
602340
616713
299245
281980
255870
159334
425144
697642
159849
13023
972980
786082
93384
13577
124370
661628
750767
375278
513737
784448
800795
503790
913143
590058
596570
99980
33614
641300
40662
267709
231438
643002
400774
530683
441335
656644
690017
866479
870639
366218
395854
359971
668653
5590
889900
793023
183571
640667
684653
697308
941468
485448
717450
370963
75506
830372
470944
109121
471673
27958
893182
219463
187313
293956
266498
628648
466952
472867
11479
853943
839085
923685
213914
507738
445627
103815
817113
629198
260834
501766
326506
202302
503566
43957
89618
579073
874329
560562
204546
862354
104872
614080
81817
292185
424388
864667
437185
891340
337534
965016
745284
176620
888701
475550
200710
334329
579365
17824
963527
356552
35942
806386
75206
539509
366695
164824
634934
241024
241738
355832
619731
346611
969912
217900
155148
394300
82568
592334
801992
420102
557350
63628
596722
962404
539179
