778
371
349
757
122
997
940
134
718
687
171
233
338
418
257
679
656
121
94
367
621
731
870
356
495
376
659
942
449
159
206
227
882
907
337
357
904
277
843
974
964
14
207
302
784
817
333
441
938
780
808
560
863
30
268
711
758
927
653
207
438
211
434
673
118
771
30
375
400
873
701
364
240
909
19
24
78
352
817
16
484
977
928
348
7
196
59
765
475
64
324
914
275
759
587
745
882
969
120
283
194
822
647
786
83
18
811
161
723
628
529
207
606
458
907
965
654
318
83
130
382
407
396
657
518
335
755
401
656
227
684
850
49
683
637
484
702
800
997
777
428
527
984
386
985
244
704
991
562
139
473
945
546
221
954
417
556
61
818
212
289
502
415
690
537
52
175
239
852
172
368
632
51
705
371
36
949
427
380
511
566
853
808
464
75
115
881
983
176
699
196
817
553
611
508
91
15
35
682
219
207
51
203
611
756
926
647
57
353
379
568
919
585
729
384
12
196
265
995
372
317
543
190
870
506
50
313
521
85
348
92
644
399
296
255
507
222
255
564
928
634
484
847
219
565
583
231
761
849
227
486
518
122
28
740
629
78
54
150
515
754
595
159
153
243
415
12
817
670
928
745
304
412
593
876
978
176
107
91
377
686
577
247
809
957
988
438
387
394
940
902
148
535
62
653
778
477
665
596
499
593
693
155
357
286
31
687
815
491
779
544
177
708
792
338
666
780
776
53
526
69
308
674
604
370
327
735
199
344
683
698
289
376
205
646
15
237
334
830
728
465
726
257
173
518
596
191
650
372
597
176
441
905
202
398
275
881
133
826
225
816
876
866
544
81
513
559
318
199
741
398
664
468
656
837
338
252
381
341
976
978
869
770
883
72
168
510
305
653
336
531
821
212
397
365
645
262
277
316
461
18
714
477
838
370
667
177
974
48
518
951
26
739
73
909
811
593
771
117
246
107
0
419
671
749
136
668
364
413
984
177
432
699
655
270
421
322
799
748
370
669
51
748
409
124
9
572
717
780
689
315
887
41
734
910
143
222
578
507
636
915
684
420
966
339
42
387
13
842
487
735
863
538
483
272
662
492
845
731
272
886
46
511
280
132
773
423
355
704
930
991
619
614
763
937
306
805
676
671
999
164
407
863
702
242
487
717
87
684
448
711
571
495
223
851
627
348
274
334
404
556
677
375
170
440
312
828
598
989
852
949
153
259
812
207
853
652
924
940
336
725
652
259
572
227
110
551
575
736
886
332
292
563
707
815
4
20
995
954
361
847
903
866
106
68
73
312
720
350
252
408
427
904
668
999
131
130
550
59
867
436
743
159
352
450
326
708
822
322
662
535
169
565
401
628
985
827
940
57
529
192
466
956
449
134
307
932
264
857
991
483
646
734
643
998
537
321
706
711
643
720
247
165
637
648
793
623
827
85
680
356
629
146
664
78
632
971
11
249
181
354
732
827
441
727
177
330
49
883
41
692
955
288
209
592
289
354
567
116
439
248
825
69
746
841
499
379
813
510
628
994
217
712
173
658
440
350
988
489
585
29
533
540
670
743
484
311
97
52
427
889
300
604
958
398
446
457
129
611
320
109
957
537
822
130
547
262
480
887
103
65
916
636
957
938
731
441
249
181
845
29
70
145
985
380
896
783
189
25
394
509
135
351
398
957
833
945
571
313
832
674
730
101
662
39
391
394
833
993
575
678
22
997
176
359
377
72
143
566
449
537
428
584
241
178
893
74
476
816
740
660
490
822
113
153
214
505
899
47
498
474
725
872
471
901
231
200
325
374
118
775
264
546
711
505
77
957
931
553
773
23
213
264
846
327
769
60
184
668
107
34
142
184
258
965
438
841
165
115
216
283
890
832
182
954
689
259
911
620
164
684
644
377
948
842
56
69
254
592
737
713
978
231
897
236
196
687
78
713
803
646
349
693
478
883
999
519
494
910
139
658
595
135
387
895
977
796
965
231
388
702
944
719
286
194
955
834
881
385
548
684
383
249
730
213
132
729
732
626
992
224
636
587
359
23
482
689
819
799
272
560
854
217
631
140
763
586
974
996
324
874
681
707
475
763
273
959
844
5
937
836
229
573
775
941
949
610
630
120
409
902
32
263
471
663
755
234
602
82
231
926
308
264
985
784
379
258
95
575
616
33
412
845
958
539
138
259
149
768
380
559
23
412
174
494
76
282
81
678
364
664
956
24
280
941
808
11
552
256
586
168
641
350
365
599
890
504
211
39
624
591
950
999
355
125
494
783
759
927
461
123
943
769
147
223
63
308
234
967
916
172
135
557
523
852
508
765
708
719
804
685
310
107
684
18
584
530
801
343
457
615
466
400
384
965
975
447
625
561
766
541
734
901
98
609
106
607
374
814
678
530
499
341
637
536
359
221
66
160
564
524
775
382
276
160
348
604
959
973
165
726
867
251
979
965
860
437
924
586
252
603
117
103
944
754
639
655
976
706
815
540
582
591
275
210
103
623
814
414
948
332
492
815
583
824
133
796
261
409
382
865
364
499
321
308
254
312
315
230
370
131
122
304
74
397
515
529
372
329
295
673
661
140
840
597
964
973
393
577
383
775
443
747
275
116
408
881
428
75
111
151
206
585
455
632
983
970
161
707
652
809
380
665
949
221
262
265
546
655
842
281
431
637
29
58
753
789
939
534
864
402
37
423
987
492
55
322
815
569
30
467
730
762
132
679
983
395
944
530
402
786
811
185
776
192
595
881
333
534
767
550
288
804
973
276
297
380
950
464
301
332
931
31
95
415
710
78
162
6
960
565
145
124
102
921
316
698
802
2
232
570
552
873
374
525
149
23
257
451
487
559
784
770
590
879
538
653
309
700
659
622
617
804
746
720
725
414
418
880
416
2
450
968
875
176
845
376
552
103
180
391
662
964
162
604
195
52
257
856
752
917
478
722
73
224
442
151
991
212
31
407
214
833
728
442
9
573
818
913
28
998
305
42
314
819
647
861
871
256
718
623
525
196
697
599
773
139
750
116
703
781
523
270
614
603
712
975
177
882
889
205
233
194
248
899
13
247
761
236
503
479
211
29
27
909
628
152
400
730
268
104
511
144
374
477
747
438
804
924
320
693
482
905
239
82
805
604
329
566
840
184
45
404
213
424
313
193
577
713
923
845
169
786
989
543
263
737
981
420
13
654
465
847
559
57
929
364
661
610
930
854
795
327
610
360
752
923
554
329
988
829
526
158
616
516
701
231
605
35
651
970
689
117
818
248
526
99
613
187
710
895
393
857
223
3
569
327
278
475
656
267
305
534
425
921
402
478
504
7
513
508
330
202
977
148
803
503
247
416
42
957
663
788
166
886
791
736
213
422
211
221
689
868
108
114
141
510
592
646
870
458
506
200
660
483
348
463
986
947
231
380
257
895
168
423
133
312
511
699
734
75
272
423
943
380
889
437
243
833
435
113
643
941
665
304
776
365
119
762
312
703
142
569
950
663
345
435
975
856
486
709
283
759
484
579
491
725
16
734
910
451
199
554
744
216
858
520
581
329
634
894
384
128
815
686
791
160
122
118
17
960
827
300
719
663
231
563
388
247
297
299
50
849
853
146
65
63
18
647
744
652
893
129
133
708
167
276
869
289
395
238
250
222
890
321
886
122
884
626
721
534
925
124
383
778
270
800
841
289
447
586
293
692
67
426
401
234
55
622
876
450
860
478
24
750
151
910
224
36
537
946
922
814
70
657
593
692
457
786
333
257
724
627
949
143
405
702
378
460
324
606
910
536
436
935
639
587
197
863
975
86
161
249
901
583
906
846
276
364
984
609
621
709
588
922
204
994
625
582
806
301
540
69
838
328
356
829
916
553
692
243
992
206
493
245
789
399
91
65
115
427
27
88
136
615
11
341
961
988
275
768
641
168
189
831
496
545
660
764
450
705
8
442
911
501
39
700
252
482
118
368
910
145
456
398
112
819
91
74
807
367
194
801
887
383
632
735
928
293
500
730
998
508
173
261
361
564
961
965
47
79
685
957
576
142
355
689
313
447
763
473
166
309
274
53
692
906
788
972
551
640
54
901
500
579
162
861
144
124
179
191
555
864
148
132
358
855
821
672
654
936
145
820
245
771
225
289
677
366
613
581
6
667
482
507
247
645
720
391
769
899
934
324
116
434
808
474
289
629
498
944
565
995
116
162
766
342
451
796
60
416
377
66
84
859
925
683
856
998
426
625
249
360
302
365
794
462
192
435
92
690
379
9
686
496
172
804
190
975
600
250
744
977
668
828
189
946
863
45
296
289
23
545
1
677
263
147
139
807
582
583
497
314
593
535
162
117
340
352
444
292
954
188
270
974
368
811
272
231
856
568
872
231
466
873
260
81
20
400
888
955
335
737
269
928
625
431
397
317
783
842
609
89
30
879
63
751
42
688
982
251
256
207
482
74
432
743
155
805
495
395
760
830
133
29
111
110
460
508
427
595
702
36
36
85
268
451
836
310
139
170
561
396
377
396
470
810
139
978
615
986
373
375
168
858
756
279
968
568
140
395
163
842
432
199
279
700
650
115
362
790
286
924
538
663
672
360
825
163
338
792
149
64
519
317
922
275
949
891
843
441
638
358
635
422
909
915
474
560
30
837
702
668
113
592
332
785
304
509
948
643
302
97
59
173
766
981
449
67
224
644
508
863
355
144
285
264
59
760
176
441
949
230
110
62
822
794
847
127
303
147
122
957
596
181
483
714
514
932
782
739
928
642
954
283
786
591
900
197
703
76
639
652
659
101
714
833
895
913
960
550
60
434
860
8
967
343
723
482
627
505
573
555
147
879
191
286
470
443
483
174
871
474
178
530
575
893
364
470
158
676
21
571
111
233
579
430
576
654
264
203
159
837
110
659
68
301
945
539
744
780
65
616
255
243
498
830
488
862
653
999
539
26
570
2
259
501
784
835
156
49
390
667
238
500
326
307
802
623
198
898
404
263
866
11
858
365
193
699
579
198
698
470
224
268
472
835
121
257
670
277
658
60
297
896
913
623
203
715
599
753
965
355
16
184
366
227
549
911
926
128
110
624
951
334
244
423
170
717
32
192
347
690
605
644
939
518
619
142
585
218
896
902
573
264
86
291
843
987
203
769
468
313
745
419
999
341
194
521
59
227
66
406
269
671
50
208
541
669
703
478
240
951
380
813
567
819
105
411
806
660
532
274
973
278
693
972
971
888
846
30
467
912
788
736
583
190
297
476
860
352
306
100
303
686
265
870
857
722
281
664
382
814
938
355
444
984
680
415
224
526
798
691
438
586
779
373
777
428
201
989
780
507
441
83
545
706
954
403
429
587
67
811
401
357
519
197
341
551
613
565
77
411
256
867
349
388
592
126
816
793
115
597
300
556
32
845
615
986
248
396
926
667
207
327
25
78
877
366
629
490
284
58
253
892
277
602
280
869
81
449
14
548
46
666
457
78
512
72
417
112
468
343
780
27
22
805
458
899
523
87
741
807
498
346
700
127
301
332
349
382
781
363
282
179
30
739
610
894
811
27
6
279
722
138
659
96
943
117
348
819
556
89
626
406
788
678
534
89
11
235
823
792
950
105
324
332
845
934
226
8
313
585
640
35
75
299
483
371
768
831
190
324
273
816
83
61
847
617
502
858
204
677
2
154
134
326
487
331
612
65
340
925
650
332
312
78
631
796
449
751
979
639
75
252
807
158
665
654
127
519
864
331
196
219
838
331
897
325
662
510
742
354
787
745
686
100
823
669
248
272
420
579
911
848
184
70
358
849
77
486
369
941
169
917
160
359
600
58
684
615
920
779
969
707
524
8
807
347
677
407
971
450
987
234
298
171
304
8
372
381
846
93
675
16
11
835
727
963
245
764
578
165
543
900
873
67
908
32
766
937
792
737
387
131
971
37
654
275
398
26
9
244
120
684
612
483
871
340
446
117
104
377
634
647
277
859
66
185
244
832
122
36
569
862
519
540
251
173
167
649
199
176
246
671
860
858
506
84
198
305
201
654
682
187
301
311
47
367
496
643
551
970
31
120
184
550
12
788
723
532
789
274
708
35
946
921
894
804
5
444
461
558
99
143
97
400
806
496
120
302
139
23
625
170
496
161
720
508
949
443
392
739
70
101
774
16
374
20
172
731
465
634
641
564
129
738
964
936
235
436
590
726
460
567
249
308
729
969
168
678
765
561
769
835
662
544
203
388
564
727
119
29
361
760
945
843
850
910
779
437
698
721
164
510
289
413
818
18
734
987
48
851
548
818
686
562
714
241
950
630
969
421
660
682
181
605
525
383
867
304
821
918
26
985
780
667
750
599
685
484
938
733
336
838
551
374
752
265
616
702
896
937
475
908
619
8
865
497
391
85
153
212
355
531
549
135
198
299
86
883
784
24
617
472
214
520
846
966
138
814
20
34
103
495
294
75
503
511
572
895
596
725
107
951
257
9
439
455
308
525
691
444
902
308
916
116
180
115
435
318
281
455
704
385
951
998
460
806
510
32
701
458
109
161
762
366
170
201
174
830
726
865
275
980
525
543
449
705
658
884
376
940
691
80
325
994
79
137
801
941
521
854
751
630
367
513
349
537
66
875
720
793
740
995
125
617
538
574
674
197
458
50
489
150
131
166
496
210
303
297
503
176
152
254
806
519
120
507
409
186
382
129
979
122
476
457
91
14
31
766
563
842
816
404
344
947
570
840
509
225
138
364
401
642
619
560
513
739
67
922
925
450
403
257
924
879
66
368
894
97
134
809
291
302
214
635
250
784
476
111
362
966
476
763
960
447
675
473
538
