524
346
268
46
342
199
48
432
826
320
529
486
123
215
819
349
211
684
762
887
853
258
82
440
934
905
459
225
872
438
742
396
784
10
795
479
562
843
911
740
515
792
226
638
8
397
988
571
81
750
458
287
360
892
727
295
797
538
872
22
977
614
770
113
977
917
944
539
112
856
279
628
648
505
618
8
902
958
579
336
60
390
623
421
282
350
716
432
888
940
806
217
554
576
683
531
846
627
422
958
483
701
938
484
558
557
844
813
515
776
149
576
166
124
349
800
474
65
584
714
357
390
284
911
319
967
795
165
594
217
475
430
271
414
266
829
971
110
994
838
886
495
766
404
619
115
557
445
532
141
160
889
532
796
153
851
763
300
368
709
517
843
139
140
257
757
322
580
220
316
771
458
812
889
863
431
5
420
877
889
561
389
779
445
537
284
648
300
584
16
361
453
212
853
594
821
610
916
402
830
584
525
289
748
414
504
532
771
276
409
661
837
150
792
635
39
76
283
691
12
652
52
465
864
905
411
685
516
327
439
698
264
316
339
12
731
843
544
854
119
305
515
309
807
659
944
846
735
579
537
99
583
942
565
447
847
976
485
715
656
276
766
272
945
105
284
28
949
181
882
420
838
750
81
646
409
25
844
145
957
734
596
540
676
161
340
523
490
177
591
498
805
357
770
750
462
406
778
763
587
13
184
426
763
265
424
172
643
620
669
952
354
266
844
30
779
536
906
269
713
849
119
871
206
889
621
20
296
752
784
235
117
320
13
880
937
437
404
932
410
426
236
764
692
81
147
823
617
405
445
683
254
564
554
460
454
527
480
102
631
616
337
748
936
351
980
226
140
737
158
550
163
747
667
207
828
814
30
797
571
827
480
825
392
386
637
198
266
117
300
897
86
637
998
374
340
330
600
833
67
111
383
230
858
402
789
38
568
172
835
139
999
668
964
391
54
601
589
320
71
241
570
509
231
568
883
571
898
836
404
318
947
140
900
157
894
690
195
463
862
382
954
861
50
919
605
457
872
546
129
295
788
699
804
19
619
688
942
870
524
347
188
823
839
88
332
733
130
879
548
992
261
503
206
664
774
811
121
998
357
250
294
497
302
450
516
273
490
811
143
366
510
683
189
349
772
873
434
902
752
335
247
366
838
453
30
964
616
503
962
973
753
608
823
407
59
691
681
901
502
176
268
12
860
809
713
632
683
148
886
787
483
485
153
673
938
183
637
906
686
951
880
792
560
55
199
971
746
232
224
601
409
492
613
269
302
327
253
337
827
491
124
662
977
278
687
267
461
676
174
500
627
406
292
539
461
843
862
559
428
87
160
837
931
126
458
585
805
63
922
984
554
47
646
883
677
685
151
490
361
677
990
340
435
634
232
248
830
446
807
258
885
320
447
817
446
905
402
251
968
677
235
874
724
233
758
753
918
261
243
631
938
234
323
725
220
907
973
50
354
780
308
591
100
755
408
898
12
163
149
332
840
736
207
916
969
965
669
239
226
912
870
516
498
546
241
71
453
566
121
159
346
782
751
799
889
511
49
902
674
199
234
866
935
793
134
257
758
155
496
336
420
719
204
918
265
797
341
718
363
463
230
62
245
981
213
486
492
262
388
519
813
975
737
749
768
872
358
879
27
854
215
799
573
772
70
190
569
411
261
933
874
491
995
471
472
560
958
316
822
698
835
636
25
925
737
146
797
95
377
176
301
944
976
875
716
46
417
286
457
678
571
684
521
918
507
993
478
817
662
300
868
849
288
893
774
25
391
571
120
768
100
422
713
428
649
429
826
418
67
635
97
638
319
618
908
179
964
386
996
626
39
864
475
327
110
250
353
853
173
825
622
625
599
687
53
248
468
879
667
536
515
116
526
186
86
787
365
50
173
714
28
212
930
856
892
40
458
245
246
983
422
868
609
22
907
662
622
375
894
289
263
761
757
142
299
844
929
665
246
454
731
275
19
661
483
911
54
941
508
300
924
930
520
533
952
427
548
575
154
794
216
770
555
326
264
854
170
545
871
768
999
954
395
370
616
878
281
22
171
141
322
96
72
194
981
376
973
881
303
127
27
872
249
934
198
513
141
720
410
12
488
410
319
236
132
935
114
766
957
638
907
631
734
331
825
67
60
150
301
363
629
328
235
879
263
785
744
404
505
155
768
346
917
87
934
49
374
400
815
683
38
75
666
772
406
491
192
466
993
493
182
623
173
769
502
436
555
598
192
412
753
961
110
22
400
44
72
775
445
239
458
835
314
125
960
73
968
152
891
962
997
73
937
170
195
439
959
102
37
151
866
143
112
329
165
513
725
589
640
170
829
450
358
495
927
318
568
248
470
460
562
819
885
499
989
432
290
948
534
679
452
401
822
916
730
340
781
455
929
421
978
110
872
336
606
151
654
526
399
476
338
961
295
576
812
636
8
102
937
543
782
389
296
604
305
26
296
87
833
226
860
811
688
84
147
646
236
153
525
635
981
863
949
276
791
761
265
800
864
202
695
998
943
991
602
248
17
251
687
850
477
548
14
517
632
513
164
868
19
41
856
0
904
157
277
696
270
894
848
486
96
543
484
39
886
87
639
255
338
327
105
167
875
471
36
859
985
552
728
4
593
936
4
850
93
633
898
363
527
746
850
975
641
334
366
527
773
6
782
463
333
239
982
560
711
371
419
48
923
499
52
517
435
408
367
880
394
265
244
273
363
446
249
4
132
615
883
258
973
665
721
306
904
56
218
967
427
638
15
702
137
419
219
925
180
938
805
574
555
401
847
918
847
448
274
332
416
157
590
389
174
663
696
79
71
266
398
498
904
766
201
394
185
772
319
717
63
124
291
618
526
491
889
725
939
515
57
355
673
999
745
847
663
793
278
734
59
29
585
316
795
786
710
332
910
29
50
973
505
341
944
383
184
185
109
124
700
518
831
725
518
576
573
181
721
203
267
781
232
852
449
379
990
159
712
901
540
762
226
45
455
522
429
640
707
890
116
408
408
947
485
926
876
58
459
597
614
727
730
198
579
179
578
570
338
642
823
230
756
49
628
211
924
57
203
631
299
319
391
707
619
877
986
495
287
445
92
253
524
823
804
104
354
382
26
45
376
849
275
132
250
903
695
174
312
251
158
611
922
901
671
541
130
657
36
418
454
129
23
331
304
827
787
658
561
813
703
937
14
979
421
264
234
469
791
547
720
301
510
642
202
181
184
333
190
220
103
997
701
126
328
357
954
115
16
867
280
71
805
294
402
578
558
637
47
701
536
119
2
46
762
205
228
298
890
770
870
993
767
924
471
95
281
777
562
297
645
842
721
802
136
123
380
47
760
780
100
648
899
103
695
13
660
923
311
902
693
534
895
813
458
718
260
739
496
823
389
141
17
110
943
506
233
675
905
346
455
5
994
707
460
41
720
120
964
384
374
10
918
621
175
728
340
435
467
836
610
208
329
980
318
624
486
904
651
391
602
107
396
948
814
857
990
886
329
306
270
704
668
540
325
843
268
17
631
88
205
241
296
534
221
967
510
59
871
162
450
825
621
199
773
435
408
763
321
89
70
944
145
738
484
471
582
753
840
213
841
46
806
489
932
380
456
443
439
679
957
242
504
578
793
278
365
201
393
686
290
463
982
436
202
467
259
136
572
451
701
765
497
859
254
430
239
63
225
31
742
182
625
599
760
418
877
477
971
270
163
613
86
498
401
640
965
12
128
889
464
181
654
313
40
908
95
632
323
320
15
66
854
640
17
966
410
894
443
381
516
959
994
954
457
748
594
774
760
722
663
224
903
317
538
296
577
633
928
253
306
295
319
160
935
336
479
697
582
922
430
450
881
776
405
690
524
351
464
285
74
479
861
329
796
751
625
726
737
905
979
43
200
650
555
487
338
34
536
272
309
966
74
190
743
831
233
267
183
697
904
609
177
118
938
325
869
916
403
606
173
382
1
726
384
909
565
74
295
102
346
604
420
773
147
163
604
380
783
787
429
39
396
606
157
687
284
27
603
687
985
128
422
339
854
806
600
420
233
895
874
579
852
294
352
351
810
309
731
593
96
512
984
493
119
142
532
755
169
135
442
506
615
864
845
470
23
445
242
256
693
468
187
545
114
892
896
924
201
979
869
649
491
854
142
962
348
674
717
517
161
512
375
129
728
221
951
751
18
193
359
711
13
899
608
127
143
856
404
696
187
625
345
679
831
840
993
179
866
711
48
380
575
424
509
303
997
460
407
15
5
118
79
18
17
39
497
512
248
253
208
435
879
554
114
62
394
460
242
612
523
290
992
98
714
501
401
63
961
808
79
966
927
510
336
296
549
186
809
797
439
17
585
318
923
51
733
669
511
975
282
34
617
274
132
684
776
886
747
89
46
178
408
973
688
96
622
590
282
431
739
722
800
324
392
724
376
125
393
239
452
27
274
70
302
758
754
430
644
853
871
691
32
631
16
720
728
638
662
362
421
402
436
222
78
181
298
806
658
43
46
111
71
672
533
725
782
639
507
779
492
378
470
876
10
838
597
90
829
611
452
250
365
241
824
796
422
474
602
80
518
0
191
589
672
76
666
455
715
173
234
560
903
56
436
913
246
385
355
75
997
160
678
362
401
854
158
823
329
113
903
847
113
447
788
786
523
806
593
591
979
179
151
882
235
587
148
833
973
855
261
970
15
939
684
768
145
195
943
826
308
199
673
773
646
813
911
521
971
504
464
950
35
615
185
270
203
685
456
176
540
717
498
908
8
534
28
153
729
972
980
389
171
5
515
169
171
426
42
142
283
507
445
318
122
982
941
677
667
397
205
559
114
55
819
122
590
848
627
671
820
959
413
343
317
928
864
488
354
906
982
637
765
779
956
888
761
897
917
780
646
475
340
760
530
511
234
120
359
213
144
531
173
557
874
490
485
90
330
839
997
664
829
762
444
137
2
205
34
272
338
32
747
678
792
277
541
378
750
901
943
894
784
116
451
11
958
936
101
640
127
98
305
308
213
749
445
567
306
479
839
644
863
586
674
7
216
216
385
966
469
329
860
253
797
311
616
108
599
718
748
78
168
53
387
733
154
832
301
461
664
140
105
527
79
780
535
295
348
272
261
817
601
121
422
751
784
39
859
735
757
959
813
277
13
552
11
167
385
312
980
49
804
86
928
235
218
463
530
566
88
143
383
689
616
805
792
400
196
3
487
305
963
301
583
328
853
594
847
590
258
828
991
414
914
920
650
484
735
180
50
823
324
785
865
940
942
657
693
139
13
180
444
976
833
27
656
39
973
503
629
583
331
621
998
597
893
648
81
628
180
483
804
856
268
669
149
211
678
194
350
691
374
794
19
560
174
675
599
499
531
580
83
214
553
81
164
446
81
245
427
613
729
583
470
349
252
971
560
282
165
910
974
539
57
345
451
583
373
402
82
904
983
165
470
888
598
634
687
679
880
114
293
961
697
115
662
301
86
223
583
251
485
909
142
894
607
594
477
980
996
560
236
331
77
706
220
676
341
907
355
573
373
0
886
422
115
548
75
553
771
658
804
609
920
947
503
527
893
981
859
241
893
95
573
970
801
145
646
494
52
354
67
777
706
305
551
174
854
626
727
977
636
532
586
556
831
90
83
76
423
942
317
316
389
242
638
543
387
637
37
791
991
457
568
49
762
471
223
616
97
951
946
734
835
532
290
18
974
726
94
397
20
411
65
762
6
704
305
393
341
694
185
684
151
105
733
266
929
309
234
26
260
180
760
447
713
403
465
687
481
911
437
853
674
502
615
680
206
920
74
899
967
611
583
118
68
669
736
997
978
971
376
590
503
488
37
216
243
854
256
724
765
45
578
791
547
545
472
106
818
898
5
785
861
941
255
281
610
992
631
940
315
7
530
818
847
919
387
91
125
995
815
242
40
745
33
587
643
857
693
461
755
51
598
968
992
853
250
954
197
881
894
864
240
776
35
87
695
422
178
172
769
346
414
809
443
799
748
86
657
794
899
764
197
497
733
189
703
983
143
900
216
389
117
808
165
152
247
212
926
426
384
695
124
150
856
567
949
956
6
958
102
905
723
299
403
456
488
106
791
983
358
359
372
827
167
889
979
414
101
905
192
837
952
668
987
160
588
289
117
594
599
571
851
322
871
606
130
711
712
921
47
423
632
771
250
799
661
582
566
762
487
110
952
792
131
291
952
719
580
421
665
532
993
516
854
216
123
985
279
187
258
326
962
891
98
565
690
759
147
608
873
986
71
825
778
202
469
83
273
49
504
938
933
849
806
788
417
281
773
697
821
31
23
783
922
121
348
965
232
847
925
106
834
996
283
964
550
752
47
823
154
904
113
87
105
272
227
523
553
0
572
374
384
595
510
658
69
210
975
301
58
253
759
244
601
395
208
152
499
608
327
653
864
793
93
321
65
320
196
970
673
768
345
409
364
207
419
433
417
747
86
475
0
198
71
601
593
280
105
444
240
785
450
456
578
543
777
995
215
974
965
240
742
662
1
458
869
421
243
287
520
682
114
520
880
186
473
825
818
931
269
58
716
719
514
646
614
643
641
182
617
606
422
712
269
424
522
490
197
766
777
69
800
892
589
680
78
414
857
896
345
126
306
61
198
172
707
164
815
700
346
785
307
769
497
928
545
371
418
94
137
548
163
289
440
104
969
870
518
178
118
216
305
424
277
855
596
337
19
763
37
366
548
696
487
45
624
384
417
395
478
906
943
993
196
735
449
517
605
319
696
75
535
353
851
165
560
799
502
579
562
539
945
111
236
784
508
212
168
277
959
998
536
902
343
84
637
792
953
594
112
